recommendcost
고은박이사진관
20
15
9
57
70
메가브이알
60
45
33
23
12
쥬티인패들보드
90
73
52
42
13
건대로데오거리
95
15
70
88
90
강변CGV
10
15
57
50
5
테크노마트하늘공원
99
64
9
43
76
엑터식스
64
53
46
13
24
히어로보드게임
50
63
72
45
24
어린이대공원
98
10
13
42
54
커먼그라운드
92
13
34
14
52
도화서가석촌호수점
33
54
72
53
55
카라힐스파
19
23
91
13
42
교복몰
19
55
25
14
53
정글낚시카페
88
43
33
53
64
도센트퍼퓨머리
32
44
51
73
32
힐링사주카페
18
12
77
34
23
피치그레이
61
54
43
42
23
냥아치카페
61
54
15
53
43
카이야룩
46
68
87
65
52
스파인더가든파이브
74
53
25
53
64
페인팅룸
65
72
91
42
43
k현대미술관
17
19
51
32
43
쉼스토리
53
64
33
42
32
흑백사진관
19
43
22
35
33
별마당도서관
8
41
33
76
21
논현동가구거리
34
22
11
31
11
코엑스아쿠아리움
39
62
99
53
77
도산공원
88
39
11
34
53
베스트슬립힐링카페
19
14
52
32
54